9780
9720
9660
960
9360
9000
8760
8640
840
780
7380
7320
720
6960
6840
6660
660
6120
600
60
5820
540
5280
5100
480
4560
4500
4380
420
4020
3780
3720
3660
3600
360
3300
3240
3060
3000
300
2940
2880
2640
2520
2460
2400
240
2340
2220
2160
21180
21000
2100
20640
2040
19740
19260
19200
1920
19140
19020
18660
1860
18300
18180
1800
180
17880
17820
17760
17640
17520
1740
17280
1680
16200
1620
15720
1560
14820
14640
14580
1440
14280
1380
1320
12780
12720
1260
12360
120
11700
11520
1140
11340
11160
11040
10920
1080
10560
10500
