../data/images\000000000001.jpg 28,32,192,311,0 126,176,282,359,0 203,13,414,403,0
../data/images\000000000003.jpg 175,9,356,282,0 0,29,233,388,0 74,9,406,399,0
../data/images\000000000004.jpg 230,61,368,353,0 0,102,94,370,0 5,120,89,225,0
../data/images\000000000006.jpg 150,75,248,203,0 115,244,220,368,0 95,82,257,330,0 44,12,96,58,0
../data/images\000000000007.jpg 152,5,324,278,0 79,110,211,321,0 300,72,414,397,0
../data/images\000000000008.jpg 13,73,142,340,0 90,100,200,316,0
../data/images\000000000009.jpg 24,184,118,295,0 137,165,261,376,0 6,185,105,407,0
../data/images\000000000010.jpg 202,208,412,391,0 89,198,122,224,0
../data/images\000000000011.jpg 65,86,218,327,0
../data/images\000000000013.jpg 138,10,407,400,0
../data/images\000000000014.jpg 173,132,315,348,0
../data/images\000000000015.jpg 0,3,222,413,0 200,75,340,338,0 135,25,410,392,0
../data/images\000000000017.jpg 177,103,375,379,0 51,36,223,364,0
../data/images\000000000018.jpg 7,110,153,364,0 64,113,224,296,0 74,119,161,243,0 49,103,66,140,0
../data/images\000000000019.jpg 89,195,117,242,0
../data/images\000000000020.jpg 83,174,264,366,0
../data/images\000000000021.jpg 75,198,133,331,0
../data/images\000000000025.jpg 14,32,408,381,0 14,146,144,334,0
../data/images\000000000026.jpg 5,126,95,353,0 74,195,128,329,0
../data/images\000000000027.jpg 99,58,238,234,0
../data/images\000000000028.jpg 32,194,122,301,0
../data/images\000000000030.jpg 196,33,355,317,0
../data/images\000000000031.jpg 46,25,177,253,0 254,4,354,350,0
../data/images\000000000034.jpg 231,27,362,259,0 18,233,144,305,0
../data/images\000000000035.jpg 78,129,216,351,0
../data/images\000000000036.jpg 228,48,391,364,0
../data/images\000000000038.jpg 58,51,217,370,0 196,0,414,367,0
../data/images\000000000039.jpg 87,124,212,349,0 74,192,128,333,0 89,203,119,265,0
../data/images\000000000040.jpg 212,41,384,309,0
../data/images\000000000041.jpg 194,0,416,415,0 56,68,219,347,0 137,71,280,348,0
../data/images\000000000042.jpg 189,9,414,409,0 148,136,264,355,0
../data/images\000000000043.jpg 133,149,265,377,0 66,127,169,352,0 204,61,341,350,0 4,103,96,374,0
../data/images\000000000044.jpg 272,17,388,262,0 133,155,226,265,0 189,9,296,210,0 9,182,142,370,0
../data/images\000000000045.jpg 0,47,159,365,0 59,159,224,364,0 18,28,396,385,0 277,103,410,308,0
../data/images\000000000047.jpg 0,20,250,404,0 35,113,186,309,0
../data/images\000000000048.jpg 177,0,414,362,0 46,104,166,374,0 141,32,279,380,0 6,104,64,263,0
../data/images\000000000049.jpg 145,38,387,382,0 40,15,180,334,0
../data/images\000000000050.jpg 150,97,258,324,0
../data/images\000000000051.jpg 157,195,308,397,0 184,184,276,304,0
../data/images\000000000055.jpg 15,159,207,316,0
../data/images\000000000056.jpg 48,15,414,402,0
../data/images\000000000057.jpg 7,120,152,355,0
../data/images\000000000058.jpg 114,182,245,368,0 204,120,324,360,0 5,91,143,377,0
../data/images\000000000059.jpg 23,78,199,335,0 159,27,330,317,0
../data/images\000000000060.jpg 73,45,198,238,0
../data/images\000000000061.jpg 160,32,320,321,0 6,178,99,376,0
../data/images\000000000063.jpg 45,148,182,395,0
../data/images\000000000064.jpg 6,94,137,325,0 2,1,102,223,0
../data/images\000000000065.jpg 16,123,132,357,0
../data/images\000000000066.jpg 30,111,137,309,0
../data/images\000000000069.jpg 24,154,118,262,0
../data/images\000000000070.jpg 64,87,216,325,0 7,106,68,230,0 181,133,294,339,0 135,107,199,227,0
../data/images\000000000071.jpg 280,124,404,356,0
../data/images\000000000072.jpg 178,101,354,378,0 71,58,210,354,0 253,32,405,381,0 2,99,101,379,0
../data/images\000000000073.jpg 103,81,252,341,0
../data/images\000000000074.jpg 87,20,283,255,0
../data/images\000000000076.jpg 32,84,187,386,0
../data/images\000000000079.jpg 123,119,217,230,0 84,104,209,315,0
../data/images\000000000083.jpg 103,14,375,402,0 18,188,150,358,0 128,149,238,337,0 24,188,92,302,0
../data/images\000000000084.jpg 300,74,414,403,0 172,37,297,249,0
../data/images\000000000085.jpg 26,71,188,397,0 226,10,392,273,0 192,158,290,257,0
../data/images\000000000086.jpg 27,17,319,395,0 39,90,186,327,0 147,43,274,296,0
../data/images\000000000087.jpg 29,214,126,325,0
../data/images\000000000089.jpg 131,26,289,326,0 9,79,153,340,0
../data/images\000000000090.jpg 370,92,415,207,0 142,61,271,351,0 33,16,320,401,0
../data/images\000000000092.jpg 220,42,398,364,0 5,194,97,409,0
../data/images\000000000093.jpg 127,49,283,238,0
../data/images\000000000094.jpg 382,111,405,190,0 24,17,333,387,0
../data/images\000000000095.jpg 182,152,302,376,0 79,78,205,341,0 224,26,399,325,0
../data/images\000000000096.jpg 170,256,255,351,0 143,111,281,306,0 275,51,414,299,0 222,276,310,351,0
../data/images\000000000097.jpg 98,77,247,335,0
../data/images\000000000098.jpg 233,100,325,236,0
../data/images\000000000099.jpg 116,80,253,347,0 45,178,177,357,0
../data/images\000000000100.jpg 40,31,306,389,0
../data/images\000000000102.jpg 390,345,412,411,0 83,28,390,387,0 4,152,98,387,0 89,231,182,313,0 64,118,158,226,0 40,194,100,331,0 138,43,272,246,0
../data/images\000000000103.jpg 171,88,315,326,0
../data/images\000000000104.jpg 83,82,212,337,0
../data/images\000000000105.jpg 66,84,215,335,0 55,56,128,179,0 185,25,414,382,0
../data/images\000000000107.jpg 92,61,247,238,0
../data/images\000000000108.jpg 129,108,223,226,0 31,126,200,351,0 33,213,132,333,0
../data/images\000000000111.jpg 7,85,137,333,0 0,31,238,379,0 8,120,101,232,0
../data/images\000000000112.jpg 180,108,368,363,0
../data/images\000000000114.jpg 89,100,262,364,0 0,82,100,390,0
../data/images\000000000115.jpg 85,64,262,358,0
../data/images\000000000116.jpg 0,13,220,404,0 232,38,381,247,0
../data/images\000000000117.jpg 197,52,348,355,0
../data/images\000000000119.jpg 117,172,234,360,0 68,39,218,361,0 220,37,391,366,0
../data/images\000000000120.jpg 39,7,379,411,0
../data/images\000000000121.jpg 25,8,391,405,0
../data/images\000000000122.jpg 105,120,239,355,0 8,220,155,384,0
../data/images\000000000124.jpg 30,55,190,367,0 233,48,390,246,0 0,83,55,220,0
../data/images\000000000125.jpg 65,114,215,356,0 120,124,226,231,0
../data/images\000000000126.jpg 92,122,250,356,0 127,130,228,222,0
../data/images\000000000127.jpg 77,16,402,401,0
../data/images\000000000128.jpg 139,20,408,401,0
../data/images\000000000129.jpg 140,161,261,376,0 11,185,150,360,0 13,189,97,294,0 220,110,385,367,0
../data/images\000000000130.jpg 15,107,201,374,0 146,188,276,363,0
../data/images\000000000134.jpg 229,36,367,250,0 24,65,196,400,0
../data/images\000000000136.jpg 237,186,380,363,0
../data/images\000000000137.jpg 184,10,414,407,0 52,134,171,346,0
../data/images\000000000138.jpg 226,217,384,386,0 8,158,142,386,0
../data/images\000000000139.jpg 220,260,273,370,0 178,75,367,339,0
../data/images\000000000141.jpg 48,68,233,345,0 0,97,95,381,0 33,186,180,363,0
../data/images\000000000142.jpg 156,155,377,334,0
../data/images\000000000143.jpg 0,22,224,389,0 0,95,94,386,0
../data/images\000000000146.jpg 7,81,145,332,0 25,109,125,242,0 157,105,325,366,0 12,35,345,387,0
../data/images\000000000147.jpg 98,56,247,346,0 36,158,180,334,0
../data/images\000000000149.jpg 2,120,96,355,0
../data/images\000000000152.jpg 107,90,250,373,0
../data/images\000000000153.jpg 0,77,235,405,0 222,17,395,335,0 138,70,189,112,0
../data/images\000000000154.jpg 111,31,367,389,0 26,219,124,327,0 65,195,140,358,0 0,142,20,384,0
../data/images\000000000155.jpg 203,133,328,351,0 284,66,404,402,0 167,7,317,267,0
../data/images\000000000156.jpg 244,0,412,291,0
../data/images\000000000157.jpg 103,77,249,262,0 213,44,343,236,0
../data/images\000000000158.jpg 66,117,211,357,0 207,62,345,274,0
../data/images\000000000160.jpg 42,110,191,300,0 167,144,262,259,0 34,23,378,388,0 194,52,345,349,0
../data/images\000000000162.jpg 0,90,23,403,0 234,4,359,77,0
../data/images\000000000165.jpg 44,153,164,368,0 171,80,316,333,0 161,20,308,193,0
../data/images\000000000166.jpg 0,110,104,364,0 185,0,414,409,0
../data/images\000000000167.jpg 104,84,246,261,0 222,51,334,243,0
../data/images\000000000168.jpg 253,26,409,383,0
../data/images\000000000170.jpg 118,6,237,207,0 39,107,183,368,0 63,101,88,146,0
../data/images\000000000171.jpg 92,67,252,340,0 21,23,395,387,0
../data/images\000000000172.jpg 45,48,234,360,0 235,38,414,309,0
../data/images\000000000173.jpg 65,96,228,376,0
../data/images\000000000174.jpg 86,91,206,335,0 206,10,404,273,0 27,41,91,168,0 0,162,91,383,0 180,94,314,316,0 14,44,133,236,0
../data/images\000000000175.jpg 147,171,267,363,0 11,182,148,364,0 117,195,190,293,0
../data/images\000000000177.jpg 122,202,191,323,0 186,250,241,303,0 12,190,144,356,0 177,25,290,256,0 128,150,199,245,0 166,139,228,234,0 71,262,161,348,0 57,42,118,163,0 245,264,357,348,0 70,169,135,292,0 229,192,395,351,0
../data/images\000000000178.jpg 129,16,415,394,0 12,81,138,335,0 9,117,101,232,0 155,10,325,271,0 31,155,119,252,0
../data/images\000000000179.jpg 115,130,235,352,0
../data/images\000000000180.jpg 82,150,206,336,0
../data/images\000000000181.jpg 28,84,188,378,0
../data/images\000000000182.jpg 5,71,149,339,0 70,131,209,343,0
../data/images\000000000184.jpg 4,171,72,322,0 72,194,131,334,0
../data/images\000000000188.jpg 134,195,222,284,0 152,214,263,318,0
../data/images\000000000189.jpg 254,29,404,266,0 45,64,191,353,0
../data/images\000000000191.jpg 3,63,166,353,0 162,179,311,365,0 187,183,281,285,0 84,114,213,303,0
../data/images\000000000192.jpg 151,0,329,280,0
../data/images\000000000193.jpg 122,158,245,366,0 191,7,414,410,0 8,185,70,305,0 37,78,103,188,0 101,75,180,163,0 41,189,174,361,0 226,174,388,369,0 65,192,153,286,0
../data/images\000000000195.jpg 275,54,409,356,0 36,62,189,281,0 174,12,305,275,0
../data/images\000000000197.jpg 42,15,317,395,0 42,114,107,248,0
../data/images\000000000199.jpg 365,367,413,407,0
../data/images\000000000202.jpg 72,88,264,342,0
../data/images\000000000203.jpg 20,126,86,241,0 130,64,217,163,0 91,90,203,187,0 141,61,199,113,0 0,118,92,353,0
../data/images\000000000204.jpg 39,71,190,344,0
../data/images\000000000205.jpg 2,114,160,365,0 133,22,414,396,0
../data/images\000000000207.jpg 128,188,288,360,0
../data/images\000000000209.jpg 92,168,126,239,0
../data/images\000000000211.jpg 86,32,194,318,0 83,139,277,342,0
../data/images\000000000215.jpg 67,78,226,344,0 0,108,104,361,0
../data/images\000000000216.jpg 4,201,163,402,0 280,163,407,374,0 0,166,49,392,0
../data/images\000000000217.jpg 116,51,245,246,0
../data/images\000000000218.jpg 20,172,92,323,0 49,170,172,363,0 133,126,276,353,0
../data/images\000000000219.jpg 157,13,387,396,0 31,10,193,336,0 0,84,48,215,0
../data/images\000000000220.jpg 228,28,383,374,0 105,188,255,368,0 69,143,206,328,0 312,78,415,396,0
../data/images\000000000222.jpg 1,72,105,400,0
../data/images\000000000223.jpg 51,101,234,362,0 81,35,394,384,0 128,103,225,226,0
../data/images\000000000224.jpg 139,137,285,353,0 236,32,381,257,0 32,78,192,342,0
../data/images\000000000226.jpg 123,72,176,130,0 101,130,192,227,0
../data/images\000000000229.jpg 262,25,402,254,0 32,72,132,273,0 13,188,147,367,0 39,65,104,177,0 116,136,241,348,0 194,31,351,324,0 31,188,119,289,0 183,14,287,207,0
../data/images\000000000230.jpg 148,100,266,319,0
../data/images\000000000231.jpg 108,77,238,234,0
../data/images\000000000232.jpg 2,117,97,361,0 124,62,232,238,0
../data/images\000000000233.jpg 86,158,258,366,0 302,290,323,340,0
../data/images\000000000234.jpg 222,52,387,357,0
../data/images\000000000235.jpg 99,82,241,337,0 67,192,129,335,0
../data/images\000000000236.jpg 106,134,237,359,0
../data/images\000000000237.jpg 111,13,374,336,0
../data/images\000000000238.jpg 2,48,161,373,0 132,159,220,260,0 192,71,300,341,0
../data/images\000000000240.jpg 106,172,192,319,0 0,153,94,384,0 160,56,247,151,0 95,179,252,368,0 47,142,127,291,0 188,185,276,296,0 214,127,246,180,0 215,160,393,382,0
../data/images\000000000241.jpg 137,246,229,366,0 146,11,400,405,0 1,42,95,375,0 186,214,252,312,0
../data/images\000000000242.jpg 58,137,162,348,0
../data/images\000000000243.jpg 83,39,271,309,0
../data/images\000000000244.jpg 223,10,387,397,0 62,68,217,347,0 202,162,335,380,0
../data/images\000000000245.jpg 253,44,402,366,0 69,59,206,358,0
../data/images\000000000247.jpg 54,87,237,368,0
../data/images\000000000248.jpg 140,3,406,414,0
../data/images\000000000249.jpg 228,96,323,233,0 102,137,200,258,0
../data/images\000000000250.jpg 218,39,384,367,0
../data/images\000000000251.jpg 232,9,381,277,0
../data/images\000000000252.jpg 110,158,256,369,0 61,65,165,175,0 4,169,79,294,0 53,95,170,320,0 11,59,96,166,0 187,4,415,413,0 64,158,141,270,0
../data/images\000000000253.jpg 26,171,204,366,0
../data/images\000000000254.jpg 51,181,130,347,0 5,162,73,300,0
../data/images\000000000255.jpg 42,165,178,374,0 227,66,370,265,0 130,77,236,260,0
../data/images\000000000257.jpg 4,31,286,379,0 141,26,279,209,0
../data/images\000000000258.jpg 10,108,152,369,0
../data/images\000000000260.jpg 2,43,172,372,0 162,5,248,216,0
../data/images\000000000263.jpg 21,74,144,275,0 261,107,410,368,0
../data/images\000000000264.jpg 59,52,176,242,0 78,91,203,381,0
../data/images\000000000265.jpg 163,42,262,133,0
../data/images\000000000267.jpg 102,0,377,414,0
../data/images\000000000268.jpg 80,133,205,347,0 4,168,70,293,0
../data/images\000000000269.jpg 223,16,396,266,0
../data/images\000000000270.jpg 24,178,121,296,0 280,20,394,258,0 138,19,406,402,0 118,144,235,330,0 44,74,104,192,0
../data/images\000000000271.jpg 246,48,408,357,0 0,17,191,408,0
../data/images\000000000272.jpg 221,36,378,362,0
../data/images\000000000273.jpg 57,62,230,352,0 18,179,149,356,0
../data/images\000000000274.jpg 160,77,264,266,0
../data/images\000000000275.jpg 187,28,415,389,0
../data/images\000000000276.jpg 3,75,100,338,0
../data/images\000000000277.jpg 135,107,232,224,0 323,214,415,406,0
../data/images\000000000278.jpg 202,36,332,313,0 91,153,198,281,0 31,132,199,346,0 1,35,164,260,0
../data/images\000000000279.jpg 99,7,375,403,0
../data/images\000000000281.jpg 71,7,210,284,0 280,56,397,361,0 53,93,163,320,0
../data/images\000000000282.jpg 18,174,138,369,0 119,70,233,346,0 39,81,97,182,0
