9960
9900
9840
9780
9720
9660
9600
960
9540
9480
9420
9360
9300
9240
9180
9120
9060
9000
900
8940
8880
8820
8760
8700
8640
8580
8520
8460
8400
840
8340
8280
8220
8160
8100
8040
7980
7920
7860
7800
780
7740
7680
7620
7560
7500
7440
7380
7320
7260
7200
720
7140
7080
7020
6960
6900
6840
6780
6720
6660
6600
660
6540
6480
6420
6360
6300
6240
6180
6120
6060
6000
600
60
5940
5880
5820
5760
5700
5640
5580
5520
5460
5400
540
5340
5280
5220
5160
5100
5040
4980
4920
4860
4800
480
4740
4680
4620
4560
4500
4440
4380
4320
4260
4200
420
4140
4080
4020
3960
3900
3840
3780
3720
3660
3600
360
3540
3480
3420
3360
3300
3240
3180
3120
3060
3000
300
2940
2880
2820
2760
2700
2640
2580
2520
2460
2400
240
2340
2280
2220
2160
21180
21120
21060
21000
2100
20940
20880
20820
20760
20700
20640
20580
20520
20460
20400
2040
20340
20280
20220
20160
20100
20040
19980
19920
19860
19800
1980
19740
19680
19620
19560
19500
19440
19380
19320
19260
19200
1920
19140
19080
19020
18960
18900
18840
18780
18720
18660
18600
1860
18540
18480
18420
18360
18300
18240
18180
18120
18060
18000
1800
180
17940
17880
17820
17760
17700
17640
17580
17520
17460
17400
1740
17340
17280
17220
17160
17100
17040
16980
16920
16860
16800
1680
16740
16680
16620
16560
16500
16440
16380
16320
16260
16200
1620
16140
16080
16020
15960
15900
15840
15780
15720
15660
15600
1560
15540
15480
15420
15360
15300
15240
15180
15120
15060
15000
1500
14940
14880
14820
14760
14700
14640
14580
14520
14460
14400
1440
14340
14280
14220
14160
14100
14040
13980
13920
13860
13800
1380
13740
13680
13620
13560
13500
13440
13380
13320
13260
13200
1320
13140
13080
13020
12960
12900
12840
12780
12720
12660
12600
1260
12540
12480
12420
12360
12300
12240
12180
12120
12060
12000
1200
120
11940
11880
11820
11760
11700
11640
11580
11520
11460
11400
1140
11340
11280
11220
11160
11100
11040
10980
10920
10860
10800
1080
10740
10680
10620
10560
10500
10440
10380
10320
10260
10200
1020
10140
10080
10020
