10020
10140
10260
10380
10500
10680
10740
1080
10860
10920
11040
11160
11280
11340
1140
11520
11700
11760
11880
12540
12660
12960
1320
13320
13620
13680
13800
13860
13980
1440
14460
14580
14700
14820
14940
15060
15180
15240
15300
15360
1560
15600
15840
15900
16080
16800
16860
17100
17220
17280
17340
17460
17520
17640
17700
17820
17880
180
1800
18060
18180
18360
18480
18720
19140
19260
19440
19620
20040
20280
20580
20640
21060
2400
2580
2640
2700
2820
2880
3060
3180
3480
3540
360
3600
3780
3840
3900
3960
4200
480
4800
5100
5160
5220
5340
5700
5760
5880
6000
6240
6660
6960
7200
7440
7620
780
7980
8220
8400
8460
8520
8640
8820
9240
9600
